4.474018014604746440e+01
6.222569428470026764e+01
3.029370926692413235e+01
2.466303113319383655e+01
4.372853523951038710e+02
2.214658381090724504e+01
4.076530901094565706e+02
3.290357061350928802e+01
6.800465506527059389e+00
1.745439933515702791e+01
4.122806319548119802e+01
1.077943021863902295e+01
1.012923099505275673e+02
6.168614583022780096e+01
4.724934571714835840e+01
6.953263374487687543e+01
3.549831872149596279e+00
9.562553742661926037e+00
2.500820113898715036e+01
2.005438324642222625e+01
5.192206011566225499e+01
1.498000132968900004e+02
2.478540674628656575e+02
3.375466035293080758e+00
3.286112654840538028e+01
2.817275962211603613e+01
2.161975548427594163e+01
2.363946481026659541e+01
5.420622415519250836e+01
1.118455201813923061e+01
8.336552007056575349e+02
1.039755368977953367e+02
3.327358101861503314e+02
3.867680385460004544e+01
3.341302572914691638e+01
2.637232751268737729e+01
5.429485765418151288e+01
2.493419861751792155e+02
1.204727784121505323e+02
8.189648210215246138e+01
1.640960692549031421e+02
1.062252203763722946e+03
2.924198543280808167e+02
5.837202824662757195e+00
1.827387234312982969e+02
2.977558550270617488e+01
4.007948181281721389e+01
1.510857327132357675e+01
3.752326756330178625e+01
2.972039356066527205e+01
2.433209084969604419e+02
2.003115154254616215e+01
1.763447620878335798e+01
4.509669247348091403e+01
5.765571505452602885e+00
6.277386529811358251e+00
9.736547033824676589e+01
1.221467373715129412e+02
6.213863343775285841e+01
4.446558743992713971e+02
2.610826633613135073e+01
1.112021346843836467e+00
3.410929151878182797e+00
1.284832084388888163e+01
2.894722779875484431e+00
1.821092513975749227e+01
1.299146154201284986e+01
6.741981764743579797e-01
1.505869773863872940e-01
9.381505244731403792e+00
6.522425500706818369e+00
2.611936952570266612e+01
5.792451717193455529e+00
1.892080527365704867e+01
6.530644807681869501e+00
3.003451313938139577e+00
6.095764168730171129e+00
2.181086163563690228e+00
1.439250823263563284e+01
5.070947986044090250e+00
7.358941963636766559e+00
2.182086107137901632e+00
4.476320930999206027e+00
8.860518986969839972e+00
4.278425965036001344e+01
6.387172242670897226e+00
1.581858055963885334e+01
1.027712085318473179e+01
2.655835467899114732e+01
1.741960397344373135e+00
2.145929874692229475e+02
1.859581115013815520e+02
1.130278921691026426e+02
4.769137454032046435e+02
3.619083226795244173e+02
1.728067511490445440e+02
2.192440680500331496e+02
2.114556734516082770e+02
1.876262485396067916e+02
6.293324548190976202e+02
2.222163951104255375e+02
2.576037756204488005e+02
1.674246610858851625e+02
1.527618373551185584e+02
1.472818266690379403e+02
2.846960636400317526e+02
2.388769597638134030e+02
2.254833008511194237e+02
2.577948809370098502e+02
2.238198064867071082e+02
2.828994260232117881e+02
1.957763731158551366e+02
2.654699683827258241e+02
2.127099118620019738e+02
2.194809548665929810e+02
3.299570922264416595e+02
2.109353584661916443e+02
4.301214747164376035e+02
1.986482571493121441e+02
2.909722374145126196e+02
8.813112121726271653e+01
1.620376223489303698e+02
4.051363080517768367e+01
7.589688256993019877e+01
8.869867635929313110e+01
6.844862340439198078e+01
9.005512423855449811e+01
8.427686256957883870e+01
6.998299756894641632e+01
7.656815306072738281e+01
6.493542900889386260e+01
6.017267918223063816e+01
8.856915951696731781e+01
1.106729191433252879e+02
8.866026833607546109e+01
6.442642363964512242e+01
4.257692461852059296e+01
8.000174810140316595e+01
4.150284574550562411e+01
8.666588020246342694e+01
9.066822237711355115e+01
7.135983124026924429e+01
9.285797722612622351e+01
7.233792251134798335e+01
7.935897811192029394e+01
6.742892432092821764e+01
1.015063008960748618e+02
4.639813329864952607e+01
8.709744099846273002e+01
7.449341365924800584e+01
1.626248639689757738e+02
1.661583766656851822e+02
2.462966383872708320e+02
2.231172629392458475e+02
1.924474106218345923e+02
2.190507222614539273e+02
1.835896012600463791e+02
2.252391189650958836e+02
1.896802603457349505e+02
1.394898334469899055e+02
2.260056915052099953e+02
1.414972356673922604e+02
1.751873092965733463e+02
2.703575047199711321e+02
1.912658294566259656e+02
2.296432688746416488e+02
2.086095711947045857e+02
2.017776266197491850e+02
1.835961579543636617e+02
2.216488970027961045e+02
1.416250070369608238e+02
2.403249207891300898e+02
1.282003402906009910e+02
1.887391490453232450e+02
1.907650560285186998e+02
1.811441121090492175e+02
1.592480296285944519e+02
2.563496756808946202e+02
1.879043590720599468e+02
2.248423555302118757e+02
