1.667120456695556641e-01
1.686436057090759388e-01
1.673186103502909416e-01
1.717847903569539314e-01
1.651052872339884570e-01
1.685787240664164133e-01
1.715599815050760923e-01
1.687866489092509081e-01
1.748400727907816476e-01
1.686006943384806278e-01
1.739341894785563225e-01
1.726931850115458189e-01
1.767416874567667717e-01
1.743374745051066155e-01
1.686024149258931459e-01
1.717337528864542606e-01
1.758914152781168583e-01
1.728534420331319099e-01
1.710791587829589844e-01
1.686773180961608776e-01
1.735743482907613211e-01
1.676064372062683050e-01
1.749090353647867746e-01
1.773010889689127512e-01
1.733919223149617550e-01
1.755425612131754631e-01
1.675969998041788867e-01
1.687897046407063895e-01
1.705741842587788770e-01
1.714730620384216364e-01
1.277992562452952008e+00
1.258317462603251169e+00
1.269803714752197221e+00
1.342740190029144243e+00
1.242695681254069040e+00
1.221435399850209658e+00
1.246863424777984619e+00
1.248705017566680953e+00
1.233445719877878766e+00
1.228690453370412161e+00
1.238748363653818796e+00
1.225947284698486239e+00
1.236333866914113289e+00
1.229626325766245420e+00
1.214579677581787198e+00
1.221863174438476474e+00
1.245359877745310540e+00
1.255666824181874697e+00
1.247795784473419101e+00
1.238211921850840280e+00
1.251998571554819639e+00
1.231389983495076557e+00
1.224821694691975882e+00
1.214357693990071541e+00
1.244659451643625792e+00
1.234900271892547696e+00
1.249252959092458148e+00
1.239701092243194580e+00
1.226301932334899814e+00
1.242903300126393606e+00
9.527444044748942242e-02
8.985992272694905136e-02
8.127220074335733679e-02
8.574057420094807758e-02
8.146177927652994977e-02
7.940295139948526371e-02
8.940163453420003903e-02
8.723694880803425922e-02
9.242838223775227957e-02
9.058274825414021347e-02
8.890405495961507809e-02
8.424936135609945032e-02
8.407901525497436801e-02
8.357209364573160715e-02
8.433072169621785852e-02
8.363785346349079941e-02
8.500831127166748324e-02
7.750414609909057895e-02
8.504531780878703262e-02
8.482018709182739813e-02
8.343977133433023996e-02
8.740277687708536414e-02
8.474463224411010742e-02
8.770177364349365789e-02
8.254039684931437082e-02
7.892028888066610071e-02
8.786299626032510746e-02
8.699028491973877231e-02
8.162015279134114676e-02
7.991226116816202429e-02
3.740920742352803474e-01
3.905811508496602191e-01
3.941411733627319114e-01
3.743139584859212499e-01
3.890380422274271610e-01
3.844847838083902958e-01
3.828822533289591434e-01
3.986364920934041267e-01
3.860007405281066784e-01
3.815984090169270981e-01
3.760780056317647446e-01
4.048557758331298717e-01
3.897773543993631740e-01
3.896234432856242047e-01
3.834145466486613141e-01
3.849532763163248661e-01
3.802095929781595940e-01
3.767686923344930050e-01
3.638120253880818833e-01
3.903962055842081780e-01
3.941618124643961329e-01
3.762544353802999009e-01
3.844037890434265359e-01
3.692046364148457993e-01
3.911321361859639301e-01
3.854173461596170913e-01
3.981972535451253070e-01
3.957057754198710087e-01
3.761194109916686790e-01
3.623183329900105942e-01
1.070312738418579129e-01
1.005360166231791114e-01
9.832177162170410711e-02
1.000968813896179199e-01
9.822241465250651504e-02
1.048467715581258147e-01
9.923043648401895511e-02
9.904997746149699078e-02
1.085351467132568415e-01
1.025674899419148772e-01
9.986929098765055801e-02
1.014478246370951325e-01
1.050484061241149930e-01
1.069178700447082492e-01
1.075948675473531041e-01
1.005764802296956334e-01
1.020071427027384459e-01
1.025702198346455929e-01
9.886166254679361332e-02
9.998578627904256000e-02
1.041444500287373870e-01
1.012875715891520118e-01
1.011003295580546052e-01
9.940891265869140903e-02
1.002242922782898005e-01
1.010552088419596345e-01
1.068203965822855650e-01
1.030150492986043331e-01
1.027935187021891267e-01
1.047951618830362946e-01
4.704621911048889049e-01
5.486014127731323464e-01
4.877805948257446511e-01
4.891489664713541408e-01
4.737457712491353612e-01
4.609676877657572502e-01
4.673272649447123284e-01
4.773361563682556041e-01
4.850897669792175182e-01
4.710156639417012459e-01
4.680425087610880497e-01
4.690340757369995117e-01
4.821808377901712905e-01
4.819574872652689357e-01
4.748904188474019628e-01
4.659386356671651463e-01
4.629203200340271107e-01
4.692469755808512111e-01
4.638102730115254979e-01
4.676385084788004520e-01
4.617635448773702023e-01
4.738806923230489132e-01
4.871649543444315777e-01
4.845329244931538826e-01
4.903144836425781250e-01
4.663101673126220925e-01
4.618461608886718639e-01
4.653262376785278209e-01
4.756817499796549553e-01
4.805016915003458844e-01
